10,88
10,218
10,81
10,203
10,140
10,132
10,121
11,5
11,7
11,15
11,17
9,7
9,5
8,16
8,8
8,13
8,10
12,3
12,2
12,1
11,27
11,26
11,25
11,24
11,23
11,22
11,21
11,20
11,19
11,12
11,10
11,8
11,6
11,4
11,3
11,2
11,1
20,2
20,1
10,308
20,3
10,307
10,306
10,305
10,304
10,303
10,302
10,301
10,300
10,299
10,298
10,297
10,296
10,295
10,294
10,293
10,292
10,291
10,290
10,289
10,288
10,287
19,2
19,1
10,286
19,3
10,285
10,284
10,283
10,282
10,281
10,280
10,279
10,278
10,277
10,276
10,275
10,274
10,273
10,272
10,271
10,270
